784364461
1630691000
950817773
1070965104
2010310292
508428027
445083704
1551237900
899594457
289597547
1584174689
137338631
137708092
293346638
2138221643
414246411
927584000
1934801893
1902299226
1075497032
1284497466
1449219587
1592478634
406589827
2023425450
1880021379
812885873
1713314855
2066498247
1695850832
1586277517
703379061
1179058184
389611642
1774344165
1041884829
898039670
71944221
445639081
1797634127
361541768
2029813771
1934972758
499249860
175676761
1925710753
913496271
1103260762
1713028999
668311850
31274146
850042817
2117531437
1623752780
1256632645
1993473239
1356290511
2069518518
1559304446
1275305111
1617885702
998098315
1978684172
649460238
1387709958
1605544689
1691345067
138265980
1677488910
2136984149
1935900107
2039030679
2019314272
1723389218
390796891
47507385
1501616323
1304293163
1150768147
1067161674
1972605013
1182042293
1917204492
1942652802
658311426
1026353489
1788642394
2014601937
948388359
1200463192
1142423400
418790413
51077860
973623924
1068250651
1438787818
431684965
612112071
1577053798
2109173876
601612572
1365470257
2000720907
473443196
941375827
244034150
520950581
295508503
1548327313
1671718729
1362670177
1373448678
706277374
1132391021
1168617833
1364588800
11260862
809776579
1231707090
959649221
2010239771
226646842
1378439634
2061317631
1200270767
299206638
1352621801
1631955732
911318709
782191951
1593645960
1512931281
178561
1446883219
1986374477
941554388
1690917370
359841410
1237062891
1091761035
2031560139
452249421
317726066
590353866
1584640442
1486343899
1954942666
1595901305
148636830
1039166108
408066878
11392953
1265812951
1786506513
2072710585
318600070
2085713151
1277848738
1950555802
849548212
2060040690
1396718115
214995845
2060219251
696117686
53886674
854289991
239551408
413728084
2091352883
1331312444
297804576
396118656
1649038510
888158442
1980759098
987898761
695617460
1429176755
1136535591
1734783569
1837243634
1147928544
853112872
1476266499
1073155481
1171712942
1414496002
203520572
974785096
116560566
116077614
224019563
331556411
28813217
920137250
385443085
883103208
1159688658
799171169
826972443
343517454
1096975745
1223091099
1992555964
1985134187
1056366550
832971077
533268000
338059657
1969506668
120567921
27819643
969951565
973680793
1504086142
2043107046
2145393735
771098496
99143970
972695183
887659062
215221584
1196714747
1219215473
244034801
2116851997
1604658558
1127138010
1129057007
256346080
1954110453
1472574462
1353321825
1029717905
1317646778
1190972365
2086084455
3134208
1724240365
276660464
1972640876
1844808286
304480108
795108793
671005431
1808566250
690732192
668915518
432181099
789876162
1641610701
1319840161
1005097747
690841800
391571987
1249132548
660210149
1996230545
228786910
1789267157
105092977
35413716
1114357971
1458414803
1065131621
284521101
501903520
1003732428
287655309
78660237
1280392892
112812538
1923468523
1584873000
907921331
446990306
1245955603
1598653523
1115905824
1678136702
241046038
610032877
850493215
1246143785
1300874678
1242065202
347792685
1961084827
1090812100
576579596
1602868336
1195905077
611993312
569742659
506836232
1677124933
854263761
1008739752
533373713
1141919070
1087399989
1813766605
1254731608
863384864
1251155958
15169292
1310375170
349627913
1613822815
278797346
2027764615
1854868853
888830224
730774182
953528990
42221254
1972839385
1301321676
2003306081
916167837
1877901272
1458690770
2112072914
342410936
2028433429
471425499
2019535869
735213542
1480165251
405425934
1877132613
420081593
71708891
984380573
1283466457
1322864849
999549865
446357980
1672492762
465889033
725155326
1552773729
173274238
1613985550
136064264
1126803229
1656206804
2108903649
280641257
1512029238
877587838
11058881
823236360
842177104
353469817
704186141
1313602603
225522038
1439399684
646284207
630947972
1169048649
1066365800
702656863
5945574
202348609
2025521713
1005495440
648706589
1550530827
1471384473
1373861916
955820909
1644658711
840363818
1091885173
623978292
349086975
1053305174
904619549
1861116213
1930893012
915678430
536868925
625586468
1269148247
1241055066
1939189072
1494670285
532971102
437989631
2125618257
1702019751
1504355431
680791473
1707965326
1706704040
558829538
565977118
207926982
2109360365
2037361591
1581788898
917697626
1534536654
274669068
2009582799
11031299
623756043
915404325
915650848
337388608
698813689
1831329279
874257533
1324400158
952993878
2115312600
1116105582
300180516
500800054
1554095213
278315125
55336158
910966996
959106598
1763301484
470187388
1517936136
181794954
678114370
1479812854
71672897
112419620
250026832
1606209551
387088689
112125984
1617240850
1010844732
1027530309
385408051
1348233341
1726343999
69253682
75007226
903260509
1022247560
42836178
2019366091
1322428076
543636233
1425977656
1600743202
598972391
189461004
412366152
214790227
659648392
1930302289
396585181
1337762763
1262631495
468258078
1450182383
1512658327
2074467629
1837271072
1624784311
1544224832
700632157
504830973
1929632883
2048865498
83691324
1998886565
2123872724
986951833
873650477
19225255
858834276
48594906
562861488
137328284
1649338108
1161833879
326789288
2061704260
1376624106
986437680
1844522901
1773209287
176716795
959670748
93983717
1626899179
324845428
20967698
1316686603
1949629739
1565192530
2017318760
306977064
1347341765
1918700610
390668388
1198744682
1895089687
1377620221
2072395160
1914314942
88970849
2120990066
329692782
226299133
1622844526
1491526661
553088421
1537065138
720667119
1539526102
1234104392
346392758
1716242897
46291492
440376475
1195658428
371136920
461344173
364861384
173283012
2026536704
234696496
480260076
1226394821
5913459
870928465
277655856
1901003146
101065038
202567368
1667834440
190035888
176073786
1997527222
416335021
1798918312
1341570235
969423443
1188499802
2062237354
361465897
275120546
261146464
2077708794
321412039
701522939
1125883575
692548959
1162867112
1490744959
865831971
1041920168
1725441455
1346092048
120831342
1731354914
69536865
398487198
1484874412
170601903
601054566
1005225204
360637791
777128352
855268778
776972813
428563016
49355365
1746396256
1617062818
2111592719
2107862153
1892183365
225255535
2038087299
66111756
926778474
1016487226
758660715
2089645587
359748537
1624492687
984082107
2085189993
823101087
1104913449
1669061259
892637952
1503400647
1006452024
1063239855
2104455213
2011677228
1423877647
734099917
719462359
53366812
1162662933
768817724
1799763068
632242104
732926796
1760141573
376941821
958182331
1650745224
443053577
1884960806
519748803
1201714292
1827122745
879497340
678723331
663721204
817203685
1501824418
1768634654
338781297
246978722
1124551653
1345233321
1310218578
1081523219
1209426901
586612577
1815623136
1928889260
639979389
830802422
550223337
292258809
1463044526
1283150133
2052400382
1839986347
93848816
1555661958
135556276
1978809622
2075410761
1337270568
1658448719
807424454
2015993900
174686276
1624628139
1370334670
1943320930
1963409436
1617313393
920388935
1161159109
780048323
2001912154
223102363
1366660900
1670051643
4507975
2006640289
353370417
554731312
151415450
1816414943
1837881445
56332184
1508917642
1931730262
1611994142
1644473918
1763056236
1539921256
834260838
1274021308
199862062
702771090
1448707584
1824490201
2073105761
1244544866
1640415990
1542935506
17450153
654091451
175500181
2019362308
877193814
1542161081
1541930303
881701790
1401317722
1895300720
1436433102
1552733172
1564232015
1126830900
1609065356
925666009
911077514
1073575850
422656279
526650102
466013458
1256917117
1800671410
665875520
1959688208
1101895346
342882074
1885310321
198956564
1983298064
1280762179
216406718
489905867
1456262360
88285378
1367099682
850939793
1630215681
101317824
104773867
1378032753
1537750926
1657507039
794781120
517098178
1119088747
1720447129
1428175692
45180949
2143103408
1954825795
511194408
1252536877
1608013557
1177069928
1064741437
562425256
1519952002
802568110
761381820
1355766418
2083330289
977788538
1845672286
1392109001
1066073916
1065288320
95565146
548805949
1166606144
200339013
1926838702
556873422
1857846052
574136174
1073971601
829451151
147099655
354663645
874632101
142719415
162005792
1385826509
1395256293
1770019350
415412789
312514082
184960958
1935364792
1115082193
946342778
1143647562
1050928834
1924131317
841836200
295554188
842721585
1907124520
391119334
1391527535
926247016
591458348
1170882589
1483120439
301820752
1745018764
409608392
1131271904
1892118419
764272037
2005904005
2034837835
926277830
1244246866
1282610480
548813532
1659659655
1595124562
733774490
1447540799
562723107
1680117268
443704714
1613651942
1456764937
1285540914
1909206130
152002875
1045181787
152841816
1543530410
1971428803
744300164
566929351
1307065594
1046120917
164464467
1716673986
29909173
2056582887
333462376
2035813178
1943937074
1259740206
1132576396
1079063906
1808553738
644752403
526704820
394844580
2092293203
1089427928
2074961848
388514269
555596222
1384243138
1674055183
317318704
1536246013
571753322
470160520
932292775
395698478
1214460685
1499222126
1702764072
113097954
1663686594
1271954411
143007127
1572785833
1605416787
31336657
1369239259
717673345
1163913053
300819517
378743435
1808665456
827524337
773588015
1753475011
1916952265
701066215
2141989280
325064839
2085309353
1668560816
642383543
1474071718
92830490
1112544064
258880845
488528968
179521101
1758102972
43809393
292619055
1274305918
1315763804
435626182
699608103
773696943
466962839
2068847362
1491370288
1630875892
222183231
1870113723
1292057700
1049707568
496218090
898049064
819176186
1197284305
892554696
1144241025
1135110011
413631864
1786624569
461698081
506462355
751684985
720578927
994991323
931206086
331198251
1038800716
1223825141
1605504169
207080872
1659451323
157628624
980777815
2126414162
78992338
324664455
1609806406
301175569
47294530
754380458
1350883137
543512620
1652429522
22575675
1740796926
397500571
1166816701
728423289
811132435
805957622
1190121370
1317594790
1557642607
1910700297
165102466
341365045
94414900
1203903182
1565190186
1699919069
1410984055
1077157861
1857547693
244278222
1056088375
1936540031
568942678
518411133
90231952
616237208
1272791591
1441115090
1159749829
777737466
1463690765
753063107
1175238037
483023818
1481486396
1986370472
1288981440
524124118
1156481615
699140399
287340768
1321584081
1040505444
381755668
378003615
458211982
2081674738
1788987670
1535369843
1791738783
2033265893
443974570
1580795167
454724923
962385703
1671027119
1070962131
87693647
964658561
83228312
865431113
280865679
