928713563
484855032
1342478434
2123391182
1447341240
690247215
535881613
2129252494
1234435516
1545433559
323509987
1723310016
363133074
187558457
1312254859
1417546471
983979229
1119636443
1691671884
1608160574
718642389
774686052
94649704
312627706
2051608112
306684939
1324817497
1489590364
2129808907
841564314
1112506222
911038823
1326419346
307501008
886946357
626276939
997748223
1422827970
608045785
84700091
820777882
931555773
1808010107
1183910956
1119114230
972781318
453973780
2103093459
2092417761
2145645664
1563770385
663576502
772848068
1658420089
976204209
676972532
1965105028
153538058
19079248
1947430287
995102373
1131585470
710985462
174038071
1439086479
1597931820
800315010
289351054
873276142
1408360796
374051146
1694054024
192432921
34577605
730481333
1311547151
1007358924
1184455113
1267156962
952293037
1182617129
683443699
1615869540
1955465197
194380140
444590101
484954081
12001520
598128159
504033330
1959431807
1593230532
1635618800
522933622
1767268604
927221631
2120865442
420099966
1216572686
846657936
