656
654
289
872
886
395
922
212
248
965
180
750
867
380
408
374
113
958
273
680
893
691
643
434
310
231
24
309
795
593
853
459
245
171
750
692
280
703
583
504
190
86
485
79
111
230
491
324
557
615
941
831
796
51
167
686
371
282
961
87
93
899
766
323
148
959
881
924
276
810
123
294
91
329
516
535
954
86
941
605
874
476
30
940
743
633
147
142
18
718
168
916
352
477
87
434
113
513
52
112
33
369
48
154
433
231
444
549
76
828
834
143
855
68
80
241
836
439
685
473
940
209
562
388
956
819
205
598
599
62
883
454
340
186
876
225
647
137
464
2
912
290
477
339
573
